orig_huber_d20_wd1e4.pth,32,0.001,0.0001,0.1,523,2.0,False,5377,0.6463835321568154,0.9364487630844428
orig_huber_d10.pth,32,0.001,0.001,0.1,523,1.0,False,5377,0.6642694644025854,0.9313978185816751
orig_huber_d15.pth,32,0.001,0.001,0.1,523,1.5,False,5377,0.6812847669060166,0.9378651934803717
orig_huber_d05.pth,32,0.001,0.001,0.1,523,0.5,False,5377,0.6520705949615788,0.9327264973734871
orig_huber_d20.pth,32,0.001,0.001,0.1,523,2.0,False,5377,0.6451531692131146,0.9362722266290597
orig_huber_d30.pth,32,0.001,0.001,0.1,523,3.0,False,5377,0.6574237158169618,0.9337217788626667
orig_huber_d20_drop20.pth,32,0.001,0.001,0.2,523,2.0,False,5377,0.6633102885774664,0.9327996345429632
orig_huber_d10_wd1e4.pth,32,0.001,0.0001,0.1,523,1.0,False,5377,0.6632149037477132,0.9311417505318619
orig_mse_best.pth,32,0.001,0.001,0.1,523,1.0,False,5377,0.6680915684313388,0.9370034196366115
orig_mse_wd1e4.pth,32,0.001,0.0001,0.1,523,1.0,False,5377,0.6616310578745764,0.9358627886687336
orig_mse_h64.pth,64,0.001,0.001,0.1,523,1.0,False,16833,0.660354532905527,0.9277732312678288
orig_huber_d10_drop20.pth,32,0.001,0.001,0.2,523,1.0,False,5377,0.6473139538958266,0.9242951680965785
orig_mse_drop20.pth,32,0.001,0.001,0.2,523,1.0,False,5377,0.6608586759180636,0.9344214920136262
orig_mse_lr5e4.pth,32,0.0005,0.001,0.1,523,1.0,False,5377,0.6746380997670663,0.9394694183337657
orig_mse_lr3e4.pth,32,0.0003,0.001,0.1,523,1.0,False,5377,0.670575482297588,0.941456433300125

