model_file,hidden_size,lr,weight_decay,dropout,seed,huber_delta,bidirectional,total_params,best_rmse
bigru_proj64_h128_wd1e4_mean_huber_d20_s523.pth,128,0.001,0.0001,0.2,523,1.0,False,463105,0.9249844552218437
bigru_proj64_h128_mean_huber_d20_s523.pth,128,0.001,0.001,0.2,523,1.0,False,463105,0.9256001237322626
bigru_proj64_h64_mean_huber_d20_s523.pth,64,0.001,0.001,0.2,523,1.0,False,133633,0.9261996591045276
bigru_proj64_h96_mean_huber_d20_s523.pth,96,0.001,0.001,0.2,523,1.0,False,273793,0.9192385406328605
bigru_proj64_h64_mean_huber_d25_s523.pth,64,0.001,0.001,0.25,523,1.0,False,133633,0.9296411715436708
bigru_proj64_h128_mean_huber_d25_s523.pth,128,0.001,0.001,0.25,523,1.0,False,463105,0.9304418223681324
bigru_proj64_h128_lr5e4_mean_huber_d20_s523.pth,128,0.0005,0.001,0.2,523,1.0,False,463105,0.9121405308240152
bigru_proj64_h96_mean_huber_d25_s523.pth,96,0.001,0.001,0.25,523,1.0,False,273793,0.922701360501235
bigru_proj64_h96_lr5e4_huber_d20_s523.pth,96,0.0005,0.001,0.2,523,1.0,False,273793,0.9194218633893675
bigru_proj64_h128_lr7e4_huber_d20_s523.pth,128,0.0007,0.001,0.2,523,1.0,False,463105,0.9112696705669658
bigru_proj64_h128_lr5e4_mse_d20_s523.pth,128,0.0005,0.001,0.2,523,1.0,False,463105,0.9106447225680626
bigru_proj64_h128_lr5e4_smoothl1_d20_s523.pth,128,0.0005,0.001,0.2,523,1.0,False,463105,0.9121405308240152
bigru_proj64_h128_lr3e4_huber_d20_s523.pth,128,0.0003,0.001,0.2,523,1.0,False,463105,0.9085528607662349
att_bigru_h160_d30_wd1e3_mse_s523.pth,160,0.001,0.001,0.3,523,1.0,False,763970,0.9326719967898028
att_bigru_h128_d25_wd1e3_mse_s523.pth,128,0.001,0.001,0.25,523,1.0,False,513154,0.9163890572712345
att_bigru_h128_d30_wd1e3_mse_s523.pth,128,0.001,0.001,0.3,523,1.0,False,513154,0.9164092476100671
att_bigru_h128_d30_wd1e3_lr5e4_mse_s523.pth,128,0.0005,0.001,0.3,523,1.0,False,513154,0.9259870782587125
att_bigru_h128_d35_wd1e3_mse_s523.pth,128,0.001,0.001,0.35,523,1.0,False,513154,0.9389117406073132
att_bigru_h128_d30_wd1e4_mse_s523.pth,128,0.001,0.0001,0.3,523,1.0,False,513154,0.9181169333470376
att_bigru_h128_d30_wd1e3_bs64_mse_s523.pth,128,0.001,0.001,0.3,523,1.0,False,513154,0.9104901298632161
att_bigru_h128_d30_wd1e4_huber_s523.pth,128,0.001,0.0001,0.3,523,1.0,False,513154,0.9215990122599095
att_bigru_h128_d30_wd1e3_huber_s523.pth,128,0.001,0.001,0.3,523,1.0,False,513154,0.9327409176861008
att_bigru_h128_d30_wd1e4_huber_s523.pth,128,0.001,0.0001,0.3,523,1.0,False,513282,0.9211467472765522
att_bigru_h96_d30_wd1e3_mse_s523.pth,96,0.001,0.001,0.3,523,1.0,False,311490,0.9273509934407227
att_bigru_h160_d30_wd1e3_mse_s523.pth,160,0.001,0.001,0.3,523,1.0,False,764098,0.9216617465137648
att_bigru_h128_d30_wd1e3_lr5e4_mse_s523.pth,128,0.0005,0.001,0.3,523,1.0,False,513282,0.9091477931611521
att_bigru_h128_d30_wd1e3_bs64_mse_s523.pth,128,0.001,0.001,0.3,523,1.0,False,513282,0.9223171430264775
att_bigru_h128_d30_wd1e3_huber_s523.pth,128,0.001,0.001,0.3,523,1.0,False,513282,0.9056593449534885
att_bigru_h128_d30_wd1e3_mse_s523.pth,128,0.001,0.001,0.3,523,1.0,False,513282,0.9115286233474664
att_bigru_h96_d30_wd1e3_mse_s523.pth,96,0.001,0.001,0.3,523,1.0,False,311618,0.9218032047066125
att_bigru_h128_d30_wd1e4_mse_s523.pth,128,0.001,0.0001,0.3,523,1.0,False,513282,0.9056994987254638
att_bigru_h128_d25_wd1e3_mse_s523.pth,128,0.001,0.001,0.25,523,1.0,False,513282,0.9259999487908442
att_bigru_h128_d35_wd1e3_mse_s523.pth,128,0.001,0.001,0.35,523,1.0,False,513282,0.9246900076655451
conv1d_h128_d30_mse_s523.pth,128,0.001,0.0001,0.3,523,1.0,False,231809,1.024138554715528
conv1d_h96_d25_mse_s523.pth,96,0.001,0.0001,0.25,523,1.0,False,133953,0.9683120075811322
conv1d_h64_d20_mse_s523.pth,64,0.001,0.0001,0.2,523,1.0,False,62721,0.971346269253932
conv1d_h64_d20_mse_s777.pth,64,0.001,0.0001,0.2,777,1.0,False,62721,0.9926526414823957
conv1d_h96_d25_mse_s777.pth,96,0.001,0.0001,0.25,777,1.0,False,133953,1.0112372608368168
conv1d_h96_d30_huber_s523.pth,96,0.001,0.0001,0.3,523,1.0,False,133953,0.9745300194545762
conv1d_h128_d30_mse_s777.pth,128,0.001,0.0001,0.3,523,1.0,False,231809,0.982477268680162
